DIMENSION: 30
EDGE_WEIGHT_FORMAT: FULL_MATRIX
DISPLAY_DATA_TYPE: TWOD_DISPLAY
EDGE_WEIGHT_SECTION
0 1 2 3 4 5 6 7 8 9 11 1.00001 12.0001 2.00004 13.0001 3.00009 14.0002 4.00016 15.0003 5.00025 16.0004 6.00036 17.0006 7.00049 18.0007 8.00064 19.0009 9.00081 20.0011 10.001 
1 0 1 2 3 4 5 6 7 8 10 2.00001 11.0001 3.00004 12.0001 4.00009 13.0002 5.00016 14.0003 6.00025 15.0004 7.00036 16.0006 8.00049 17.0007 9.00064 18.0009 10.0008 19.0011 11.001 
2 1 0 1 2 3 4 5 6 7 9.00002 3.00001 10.0001 4.00004 11.0001 5.00009 12.0002 6.00016 13.0003 7.00025 14.0004 8.00036 15.0006 9.00049 16.0007 10.0006 17.0009 11.0008 18.0011 12.001 
3 2 1 0 1 2 3 4 5 6 8.00002 4.00001 9.00006 5.00004 10.0001 6.00009 11.0002 7.00016 12.0003 8.00025 13.0004 9.00036 14.0006 10.0005 15.0007 11.0006 16.0009 12.0008 17.0011 13.001 
4 3 2 1 0 1 2 3 4 5 7.00002 5.00001 8.00006 6.00004 9.00012 7.00009 10.0002 8.00016 11.0003 9.00025 12.0004 10.0004 13.0006 11.0005 14.0007 12.0006 15.0009 13.0008 16.0011 14.001 
5 4 3 2 1 0 1 2 3 4 6.00002 6.00001 7.00006 7.00004 8.00012 8.00009 9.0002 9.00016 10.0003 10.0002 11.0004 11.0004 12.0006 12.0005 13.0007 13.0006 14.0009 14.0008 15.0011 15.001 
6 5 4 3 2 1 0 1 2 3 5.00002 7.00001 6.00006 8.00004 7.00012 9.00009 8.0002 10.0002 9.0003 11.0002 10.0004 12.0004 11.0006 13.0005 12.0007 14.0006 13.0009 15.0008 14.0011 16.001 
7 6 5 4 3 2 1 0 1 2 4.00002 8.00001 5.00006 9.00004 6.00012 10.0001 7.0002 11.0002 8.0003 12.0003 9.00042 13.0004 10.0006 14.0005 11.0007 15.0006 12.0009 16.0008 13.0011 17.001 
8 7 6 5 4 3 2 1 0 1 3.00002 9.00001 4.00006 10 5.00012 11.0001 6.0002 12.0002 7.0003 13.0003 8.00042 14.0004 9.00056 15.0005 10.0007 16.0006 11.0009 17.0008 12.0011 18.001 
9 8 7 6 5 4 3 2 1 0 2.00002 10 3.00006 11 4.00012 12.0001 5.0002 13.0002 6.0003 14.0002 7.00042 15.0004 8.00056 16.0005 9.00072 17.0006 10.0009 18.0008 11.0011 19.001 
11 10 9.00002 8.00002 7.00002 6.00002 5.00002 4.00002 3.00002 2.00002 0 12 1.00004 13.0001 2.0001 14.0001 3.00018 15.0002 4.00028 16.0003 5.0004 17.0004 6.00054 18.0005 7.0007 19.0007 8.00088 20.0008 9.00108 21.001 
1.00001 2.00001 3.00001 4.00001 5.00001 6.00001 7.00001 8.00001 9.00001 10 12 0 13.0001 1.00003 14.0001 2.00008 15.0002 3.00015 16.0003 4.00024 17.0004 5.00035 18.0006 6.00048 19.0007 7.00063 20.0009 8.0008 21.0011 9.00099 
12.0001 11.0001 10.0001 9.00006 8.00006 7.00006 6.00006 5.00006 4.00006 3.00006 1.00004 13.0001 0 14.0001 1.00006 15.0001 2.00014 16.0002 3.00024 17.0003 4.00036 18.0004 5.0005 19.0006 6.00066 20.0007 7.00084 21.0009 8.00104 22.0011 
2.00004 3.00004 4.00004 5.00004 6.00004 7.00004 8.00004 9.00004 10 11 13.0001 1.00003 14.0001 0 15.0002 1.00005 16.0002 2.00012 17.0003 3.00021 18.0005 4.00032 19.0006 5.00045 20.0008 6.0006 21.0009 7.00077 22.0011 8.00096 
13.0001 12.0001 11.0001 10.0001 9.00012 8.00012 7.00012 6.00012 5.00012 4.00012 2.0001 14.0001 1.00006 15.0002 0 16.0002 1.00008 17.0003 2.00018 18.0004 3.0003 19.0005 4.00044 20.0006 5.0006 21.0008 6.00078 22.0009 7.00098 23.0011 
3.00009 4.00009 5.00009 6.00009 7.00009 8.00009 9.00009 10.0001 11.0001 12.0001 14.0001 2.00008 15.0001 1.00005 16.0002 0 17.0003 1.00007 18.0004 2.00016 19.0005 3.00027 20.0007 4.0004 21.0008 5.00055 22.001 6.00072 23.0012 7.00091 
14.0002 13.0002 12.0002 11.0002 10.0002 9.0002 8.0002 7.0002 6.0002 5.0002 3.00018 15.0002 2.00014 16.0002 1.00008 17.0003 0 18.0004 1.0001 19.0005 2.00022 20.0006 3.00036 21.0007 4.00052 22.0008 5.0007 23.001 6.0009 24.0012 
4.00016 5.00016 6.00016 7.00016 8.00016 9.00016 10.0002 11.0002 12.0002 13.0002 15.0002 3.00015 16.0002 2.00012 17.0003 1.00007 18.0004 0 19.0005 1.00009 20.0006 2.0002 21.0007 3.00033 22.0009 4.00048 23.0011 5.00065 24.0013 6.00084 
15.0003 14.0003 13.0003 12.0003 11.0003 10.0003 9.0003 8.0003 7.0003 6.0003 4.00028 16.0003 3.00024 17.0003 2.00018 18.0004 1.0001 19.0005 0 20.0006 1.00012 21.0007 2.00026 22.0008 3.00042 23.0009 4.0006 24.0011 5.0008 25.0013 
5.00025 6.00025 7.00025 8.00025 9.00025 10.0002 11.0002 12.0003 13.0003 14.0002 16.0003 4.00024 17.0003 3.00021 18.0004 2.00016 19.0005 1.00009 20.0006 0 21.0007 1.00011 22.0008 2.00024 23.001 3.00039 24.0012 4.00056 25.0014 5.00075 
16.0004 15.0004 14.0004 13.0004 12.0004 11.0004 10.0004 9.00042 8.00042 7.00042 5.0004 17.0004 4.00036 18.0005 3.0003 19.0005 2.00022 20.0006 1.00012 21.0007 0 22.0008 1.00014 23.0009 2.0003 24.0011 3.00048 25.0012 4.00068 26.0014 
6.00036 7.00036 8.00036 9.00036 10.0004 11.0004 12.0004 13.0004 14.0004 15.0004 17.0004 5.00035 18.0004 4.00032 19.0005 3.00027 20.0006 2.0002 21.0007 1.00011 22.0008 0 23.0009 1.00013 24.0011 2.00028 25.0013 3.00045 26.0015 4.00064 
17.0006 16.0006 15.0006 14.0006 13.0006 12.0006 11.0006 10.0006 9.00056 8.00056 6.00054 18.0006 5.0005 19.0006 4.00044 20.0007 3.00036 21.0007 2.00026 22.0008 1.00014 23.0009 0 24.001 1.00016 25.0012 2.00034 26.0014 3.00054 27.0016 
7.00049 8.00049 9.00049 10.0005 11.0005 12.0005 13.0005 14.0005 15.0005 16.0005 18.0005 6.00048 19.0006 5.00045 20.0006 4.0004 21.0007 3.00033 22.0008 2.00024 23.0009 1.00013 24.001 0 25.0012 1.00015 26.0014 2.00032 27.0016 3.00051 
18.0007 17.0007 16.0007 15.0007 14.0007 13.0007 12.0007 11.0007 10.0007 9.00072 7.0007 19.0007 6.00066 20.0008 5.0006 21.0008 4.00052 22.0009 3.00042 23.001 2.0003 24.0011 1.00016 25.0012 0 26.0014 1.00018 27.0015 2.00038 28.0017 
8.00064 9.00064 10.0006 11.0006 12.0006 13.0006 14.0006 15.0006 16.0006 17.0006 19.0007 7.00063 20.0007 6.0006 21.0008 5.00055 22.0008 4.00048 23.0009 3.00039 24.0011 2.00028 25.0012 1.00015 26.0014 0 27.0015 1.00017 28.0017 2.00036 
19.0009 18.0009 17.0009 16.0009 15.0009 14.0009 13.0009 12.0009 11.0009 10.0009 8.00088 20.0009 7.00084 21.0009 6.00078 22.001 5.0007 23.0011 4.0006 24.0012 3.00048 25.0013 2.00034 26.0014 1.00018 27.0015 0 28.0017 1.0002 29.0019 
9.00081 10.0008 11.0008 12.0008 13.0008 14.0008 15.0008 16.0008 17.0008 18.0008 20.0008 8.0008 21.0009 7.00077 22.0009 6.00072 23.001 5.00065 24.0011 4.00056 25.0012 3.00045 26.0014 2.00032 27.0015 1.00017 28.0017 0 29.0019 1.00019 
20.0011 19.0011 18.0011 17.0011 16.0011 15.0011 14.0011 13.0011 12.0011 11.0011 9.00108 21.0011 8.00104 22.0011 7.00098 23.0012 6.0009 24.0013 5.0008 25.0014 4.00068 26.0015 3.00054 27.0016 2.00038 28.0017 1.0002 29.0019 0 30.0021 
10.001 11.001 12.001 13.001 14.001 15.001 16.001 17.001 18.001 19.001 21.001 9.00099 22.0011 8.00096 23.0011 7.00091 24.0012 6.00084 25.0013 5.00075 26.0014 4.00064 27.0016 3.00051 28.0017 2.00036 29.0019 1.00019 30.0021 0 
DISPLAY_DATA_SECTION
1 0.000000 0.000000
2 0.000000 1.000000
3 0.000000 2.000000
4 0.000000 3.000000
5 0.000000 4.000000
6 0.000000 5.000000
7 0.000000 6.000000
8 0.000000 7.000000
9 0.000000 8.000000
10 0.000000 9.000000
11 0.000000 11.000020
12 0.000000 -1.000010
13 0.000000 12.000060
14 0.000000 -2.000040
15 0.000000 13.000120
16 0.000000 -3.000090
17 0.000000 14.000200
18 0.000000 -4.000160
19 0.000000 15.000300
20 0.000000 -5.000250
21 0.000000 16.000420
22 0.000000 -6.000360
23 0.000000 17.000560
24 0.000000 -7.000490
25 0.000000 18.000720
26 0.000000 -8.000640
27 0.000000 19.000900
28 0.000000 -9.000810
29 0.000000 20.001100
30 0.000000 -10.001000
